-95 0
33 0
0 -32
0 32
-23 -23
23 23
22 -23
-22 23
-30 -13
30 13
12 -30
-12 30
-12 -31
12 31
30 -12
-30 12
-32 -7
32 7
6 -32
-6 32
-18 -28
18 28
27 -18
-27 18
-27 -19
27 19
18 -27
-18 27
-6 -33
6 33
32 -6
-32 6
-33 -3
31 3
1 -32
-3 32
-22 -25
20 25
23 -21
-25 21
-30 -15
28 15
13 -29
-15 29
-11 -31
9 31
29 -10
-31 10
-32 -10
30 10
8 -31
-10 31
-16 -29
14 29
27 -15
-29 15
-26 -22
24 22
20 -25
-22 25
-4 -34
2 34
32 -3
-34 3
-99 -54
37 8
-22 -22
-16 34
-34 -21
20 21
31 -19
6055 19
-21 -15
21 13
-4 -25
-6 25
-24 -28
24 28
39 -10
-39 10
-40 -14
40 8
2 -28
-2 28
-11 -26
3 26
11 -15
-19 15
-20 -21
28 19
22 -24
-24 24
14 -30
8 30
23 -4
-31 4
-44 -23
24 5
9 -28
9 32
-26 -25
14 25
27 -18
-17 18
-21 -17
23 17
10 -26
-14 26
-5 -29
5 27
33 -9
-33 9
-45 -17
35 11
13 -28
-1 28
-17 -28
1 28
17 -13
-33 13
6076 -24
30 22
2 -21
-42 21
-13 -30
-13 30
38 -1
-52 1
-32 -1
32 1
0 -32
0 32
-22 -24
22 24
23 -22
-23 22
-29 -14
29 14
13 -29
-13 29
-11 -31
11 31
30 -11
-30 11
-32 -8
32 8
7 -32
-7 32
-17 -29
17 29
28 -17
-28 17
-27 -20
27 20
19 -27
-19 27
-5 -34
5 34
33 -5
-33 5
-32 -4
32 4
3 -32
-3 32
-20 -26
20 26
25 -20
-25 20
-28 -16
28 16
15 -28
-15 28
-9 -31
9 31
30 -9
-30 9
-31 -11
31 11
10 -31
-10 31
-15 -30
15 30
29 -15
-29 15
-25 -22
25 22
21 -25
-21 25
-3 -34
3 34
33 -3
-33 3
-32 -3
32 3
2 -32
-2 32
-21 -25
21 25
24 -21
-24 21
-29 -15
29 15
14 -29
-14 29
-10 -31
10 31
30 -10
-30 10
-31 -10
31 10
9 -31
-9 31
-15 -29
15 29
28 -15
-28 15
-25 -22
25 22
21 -25
-21 25
-3 -34
3 34
33 -3
-33 3
-32 -6
32 6
5 -32
-5 32
-19 -27
19 27
26 -19
-26 19
-27 -18
27 18
17 -27
-17 27
-7 -32
7 32
31 -7
-31 7
-31 -13
31 13
12 -31
-12 31
-13 -31
13 31
30 -13
-30 13
-24 -24
24 24
23 -24
-23 24
0 -34
0 34
33 0
-33 0
