127 0
90 0
0 0
-90 0
-127 0
-90 0
-0 0
90 0
127 0
90 0
0 0
-90 0
-127 0
-90 0
-0 0
90 0
127 0
90 0
0 0
-90 0
-127 0
-90 0
-0 0
90 0
127 0
90 0
-0 0
-90 0
-127 0
-90 0
-0 0
90 0
127 0
90 0
-0 0
-90 0
-127 0
-90 0
-0 0
90 0
127 0
90 0
-0 0
-90 0
-127 0
-90 0
-0 0
90 0
127 0
90 0
-0 0
-90 0
-127 0
-90 0
-0 0
90 0
127 0
90 0
-0 0
-90 0
-127 0
-90 0
-0 0
90 0
127 0
90 0
0 0
-90 0
-127 0
-90 0
-0 0
90 0
127 0
90 0
0 0
-90 0
-127 0
-90 0
-0 0
90 0
127 0
90 0
0 0
-90 0
-127 0
-90 0
-0 0
90 0
127 0
90 0
0 0
-90 0
-127 0
-90 0
0 0
90 0
127 0
90 0
0 0
-90 0
-127 0
-90 0
-0 0
90 0
127 0
90 0
0 0
-90 0
-127 0
-90 0
0 0
90 0
127 0
90 0
0 0
-90 0
-127 0
-90 0
-0 0
90 0
127 0
90 0
0 0
-90 0
-127 0
-90 0
0 0
90 0
127 0
90 0
0 0
-90 0
-127 0
-90 0
-0 0
90 0
127 0
90 0
0 0
-90 0
-127 0
-90 0
0 0
90 0
127 0
90 0
0 0
-90 0
-127 0
-90 0
-0 0
90 0
127 0
90 0
0 0
-90 0
-127 0
-90 0
0 0
90 0
127 0
90 0
0 0
-90 0
-127 0
-90 0
0 0
90 0
127 0
90 0
0 0
-90 0
-127 0
-90 0
-0 0
90 0
127 0
90 0
-0 0
-90 0
-127 0
-90 0
-0 0
90 0
127 0
90 0
0 0
-90 0
-127 0
-90 0
-0 0
90 0
127 0
90 0
0 0
-90 0
-127 0
-90 0
0 0
90 0
127 0
90 0
0 0
-90 0
-127 0
-90 0
-0 0
90 0
127 0
90 0
-0 0
-90 0
-127 0
-90 0
-0 0
90 0
127 0
90 0
0 0
-90 0
-127 0
-90 0
-0 0
90 0
127 0
90 0
0 0
-90 0
-127 0
-90 0
0 0
90 0
127 0
90 0
0 0
-90 0
-127 0
-90 0
-0 0
90 0
127 0
90 0
-0 0
-90 0
-127 0
-90 0
-0 0
90 0
127 0
90 0
0 0
-90 0
-127 0
-90 0
-0 0
90 0
0 0
